model_1:
{ 
    "200":  [202, 155, 645, 170, 3],    
    "100":  [220, 195, 394, 142, 3],   
    "50":   [657, 625, 675, 135, 3],   
    "20":   [610, 618, 646, 122, 3],   
    "10":   [607, 621, 655, 106, 3],   
    "5":    [378, 347, 415, 650, 3],   
    "2":    [420, 440, 468, 540, 3],   
    "1":    [608, 634, 619, 400, 3]
    }

model_2:
{
    "200":  [[202, 155, 645, 170], [202, 155, 645, 170], [202, 155, 645, 170]],     
    "100":  [[220, 195, 394, 142], [220, 195, 394, 142], [220, 195, 394, 142]],   
    "50":   [[657, 625, 675, 135], [657, 625, 675, 135], [657, 625, 675, 135]],   
    "20":   [[610, 618, 646, 122], [610, 618, 646, 122], [610, 618, 646, 122]],   
    "10":   [[607, 621, 655, 106], [607, 621, 655, 106], [607, 621, 655, 106]],   
    "5":    [[378, 347, 415, 650], [378, 347, 415, 650], [378, 347, 415, 650]],   
    "2":    [[420, 440, 468, 540], [378, 347, 415, 650], [378, 347, 415, 650]],   
    "1":    [[608, 634, 619, 400], [608, 634, 619, 400], [608, 634, 619, 400]]
}